Trial #: 1	Quantum #: 2
Process_ID	Burst_time	Wait_time	complete_time
1			65			787			852
2			46			595			641
3			31			424			455
4			98			985			1083
5			102			1007			1109
6			34			455			489
7			103			1017			1120
8			56			707			763
9			122			1043			1165
10			60			747			807
11			114			1041			1155
12			103			1022			1125
13			114			1043			1157
14			48			637			685
15			69			830			899

Total wait time: 1165
Average wait time: 77.666664

Trial #: 2	Quantum #: 2
Process_ID	Burst_time	Wait_time	complete_time
1			77			877			954
2			120			1075			1195
3			73			853			926
4			132			1086			1218
5			48			614			662
6			119			1079			1198
7			126			1086			1212
8			34			450			484
9			75			874			949
10			20			270			290
11			71			846			917
12			107			1036			1143
13			54			686			740
14			46			604			650
15			116			1069			1185

Total wait time: 1218
Average wait time: 81.2

Trial #: 3	Quantum #: 2
Process_ID	Burst_time	Wait_time	complete_time
1			138			1351			1489
2			49			674			723
3			146			1361			1507
4			134			1345			1479
5			149			1363			1512
6			63			849			912
7			131			1342			1473
8			85			1076			1161
9			89			1110			1199
10			110			1251			1361
11			66			880			946
12			85			1081			1166
13			111			1263			1374
14			48			670			718
15			108			1241			1349

Total wait time: 1512
Average wait time: 100.8

Trial #: 4	Quantum #: 2
Process_ID	Burst_time	Wait_time	complete_time
1			109			957			1066
2			77			874			951
3			37			491			528
4			30			397			427
5			77			875			952
6			113			958			1071
7			27			376			403
8			70			814			884
9			34			453			487
10			93			944			1037
11			88			926			1014
12			92			940			1032
13			78			884			962
14			66			786			852
15			80			896			976

Total wait time: 1071
Average wait time: 71.4

Trial #: 5	Quantum #: 2
Process_ID	Burst_time	Wait_time	complete_time
1			81			1000			1081
2			139			1316			1455
3			67			884			951
4			124			1267			1391
5			72			924			996
6			133			1307			1440
7			141			1317			1458
8			128			1291			1419
9			67			895			962
10			31			438			469
11			92			1081			1173
12			64			854			918
13			59			807			866
14			136			1314			1450
15			124			1277			1401

Total wait time: 1458
Average wait time: 97.2

Trial #: 6	Quantum #: 2
Process_ID	Burst_time	Wait_time	complete_time
1			99			1099			1198
2			51			666			717
3			84			991			1075
4			140			1145			1285
5			54			693			747
6			32			430			462
7			103			1122			1225
8			85			1015			1100
9			112			1144			1256
10			87			1034			1121
11			32			440			472
12			107			1137			1244
13			86			1022			1108
14			102			1118			1220
15			111			1146			1257

Total wait time: 1285
Average wait time: 85.666664

Trial #: 7	Quantum #: 2
Process_ID	Burst_time	Wait_time	complete_time
1			46			576			622
2			130			1082			1212
3			68			783			851
4			100			1006			1106
5			61			738			799
6			28			374			402
7			111			1049			1160
8			126			1078			1204
9			140			1084			1224
10			95			989			1084
11			102			1023			1125
12			26			358			384
13			54			676			730
14			38			508			546
15			99			1016			1115

Total wait time: 1224
Average wait time: 81.6

Trial #: 8	Quantum #: 2
Process_ID	Burst_time	Wait_time	complete_time
1			104			941			1045
2			29			393			422
3			27			368			395
4			48			580			628
5			101			934			1035
6			28			373			401
7			104			943			1047
8			35			466			501
9			130			987			1117
10			121			983			1104
11			63			718			781
12			125			988			1113
13			45			575			620
14			66			735			801
15			91			893			984

Total wait time: 1117
Average wait time: 74.46667

Trial #: 9	Quantum #: 2
Process_ID	Burst_time	Wait_time	complete_time
1			59			778			837
2			102			1159			1261
3			109			1208			1317
4			109			1209			1318
5			118			1230			1348
6			54			714			768
7			107			1203			1310
8			90			1083			1173
9			28			380			408
10			112			1218			1330
11			81			1022			1103
12			134			1248			1382
13			72			929			1001
14			133			1250			1383
15			75			973			1048

Total wait time: 1383
Average wait time: 92.2

Trial #: 10	Quantum #: 2
Process_ID	Burst_time	Wait_time	complete_time
1			45			575			620
2			88			900			988
3			61			730			791
4			103			966			1069
5			21			288			309
6			49			625			674
7			119			1015			1134
8			26			345			371
9			79			865			944
10			141			1048			1189
11			66			771			837
12			128			1034			1162
13			47			616			663
14			76			845			921
15			141			1049			1190

Total wait time: 1190
Average wait time: 79.333336

