Trial #: 1	Quantum #: 5
Process_ID	Burst_time	Wait_time	complete_time
1			65			755			820
2			46			610			656
3			31			430			461
4			98			979			1077
5			102			1007			1109
6			34			441			475
7			103			1009			1112
8			56			729			785
9			122			1043			1165
10			60			735			795
11			114			1040			1154
12			103			1022			1125
13			114			1044			1158
14			48			656			704
15			69			830			899

Total wait time: 1165
Average wait time: 77.666664

Trial #: 2	Quantum #: 5
Process_ID	Burst_time	Wait_time	complete_time
1			77			871			948
2			120			1065			1185
3			73			842			915
4			132			1086			1218
5			48			614			662
6			119			1075			1194
7			126			1090			1216
8			34			445			479
9			75			860			935
10			20			255			275
11			71			865			936
12			107			1043			1150
13			54			693			747
14			46			647			693
15			116			1084			1200

Total wait time: 1218
Average wait time: 81.2

Trial #: 3	Quantum #: 5
Process_ID	Burst_time	Wait_time	complete_time
1			138			1349			1487
2			49			635			684
3			146			1362			1508
4			134			1344			1478
5			149			1363			1512
6			63			837			900
7			131			1353			1484
8			85			1051			1136
9			89			1101			1190
10			110			1245			1355
11			66			915			981
12			85			1066			1151
13			111			1278			1389
14			48			694			742
15			108			1255			1363

Total wait time: 1512
Average wait time: 100.8

Trial #: 4	Quantum #: 5
Process_ID	Burst_time	Wait_time	complete_time
1			109			954			1063
2			77			869			946
3			37			486			523
4			30			365			395
5			77			871			948
6			113			958			1071
7			27			380			407
8			70			798			868
9			34			447			481
10			93			944			1037
11			88			931			1019
12			92			947			1039
13			78			893			971
14			66			823			889
15			80			896			976

Total wait time: 1071
Average wait time: 71.4

Trial #: 5	Quantum #: 5
Process_ID	Burst_time	Wait_time	complete_time
1			81			1000			1081
2			139			1312			1451
3			67			879			946
4			124			1258			1382
5			72			933			1005
6			133			1304			1437
7			141			1317			1458
8			128			1296			1424
9			67			906			973
10			31			465			496
11			92			1096			1188
12			64			860			924
13			59			801			860
14			136			1321			1457
15			124			1282			1406

Total wait time: 1458
Average wait time: 97.2

Trial #: 6	Quantum #: 5
Process_ID	Burst_time	Wait_time	complete_time
1			99			1081			1180
2			51			669			720
3			84			974			1058
4			140			1145			1285
5			54			680			734
6			32			445			477
7			103			1115			1218
8			85			988			1073
9			112			1147			1259
10			87			1038			1125
11			32			467			499
12			107			1140			1247
13			86			1045			1131
14			102			1128			1230
15			111			1149			1260

Total wait time: 1285
Average wait time: 85.666664

Trial #: 7	Quantum #: 5
Process_ID	Burst_time	Wait_time	complete_time
1			46			587			633
2			130			1078			1208
3			68			778			846
4			100			991			1091
5			61			747			808
6			28			375			403
7			111			1052			1163
8			126			1083			1209
9			140			1084			1224
10			95			976			1071
11			102			1035			1137
12			26			403			429
13			54			683			737
14			38			529			567
15			99			1016			1115

Total wait time: 1224
Average wait time: 81.6

Trial #: 8	Quantum #: 5
Process_ID	Burst_time	Wait_time	complete_time
1			104			932			1036
2			29			355			384
3			27			359			386
4			48			574			622
5			101			936			1037
6			28			371			399
7			104			937			1041
8			35			434			469
9			130			987			1117
10			121			986			1107
11			63			717			780
12			125			987			1112
13			45			559			604
14			66			760			826
15			91			911			1002

Total wait time: 1117
Average wait time: 74.46667

Trial #: 9	Quantum #: 5
Process_ID	Burst_time	Wait_time	complete_time
1			59			742			801
2			102			1159			1261
3			109			1191			1300
4			109			1195			1304
5			118			1228			1346
6			54			703			757
7			107			1204			1311
8			90			1074			1164
9			28			390			418
10			112			1221			1333
11			81			1043			1124
12			134			1246			1380
13			72			956			1028
14			133			1250			1383
15			75			963			1038

Total wait time: 1383
Average wait time: 92.2

Trial #: 10	Quantum #: 5
Process_ID	Burst_time	Wait_time	complete_time
1			45			527			572
2			88			895			983
3			61			733			794
4			103			958			1061
5			21			300			321
6			49			602			651
7			119			1006			1125
8			26			376			402
9			79			855			934
10			141			1048			1189
11			66			794			860
12			128			1035			1163
13			47			631			678
14			76			869			945
15			141			1049			1190

Total wait time: 1190
Average wait time: 79.333336

