273266571314321376546533661740
352751160566505252347224023776
433026263641177106332353263360
767246732232445503175457422425
122134171712343125356224133531
612415577240010754424501304575
212435720120307063536665047576
245135527300771220321036142267
136320220403361320531772171443
077474462601416301217710514133
510325070524544327546647311473
416527141310721553030676446314
167073325007212040323007026177
000630473312206377703614233044
334637477260752242640163156053
613242045611114425502424533731
654467062527402071372310247225
534632153167370117753473754523
211523471006166124052522603042
127253065376164207313603252542
133355611374644520663143350621
200340032044440277127207465022
410762330415727134315335540323
226013165772536517125705474250
245157033532057656013314225616
173540634370067015331035311677
321272507235145033374331064514
721405024004620353632562440765
443527637441050515312251113537
164455013021010103630605762654
571310371264574050735526453571
715123166441523277436160264043
474167473105600570013642537333
057101244625272714523723655135
250265723412476061350127523325
653276024746002624204772707557
536572530525201477674772771576
107455243673233167302023202361
637747634430235546743367764322
267446555631512051522735077012
445745514511005410543536571633
410006165022015601401042173370
037302165572532612276473432533
466532704510670547054732567017
437121151740467203152604570540
604336560105705025131511703035
541443236375727100243003247607
266760276444134122067346353111
255153530714212310672523763336
756726241334014031412421056574
